0.435 1.868
0.563 1.294
1.699 -3.824
-0.894 7.856
1.296 -2.008
0.462 1.749
1.021 -0.768
0.869 -0.086
-0.304 5.196
2.546 -7.637
0.576 1.236
1.132 -1.272
-1.043 8.525
1.063 -0.957
-1.054 8.573
0.984 -0.604
0.029 3.698
-0.317 5.258
2.052 -5.413
-0.636 6.694
-0.889 7.832
1.439 -2.651
0.102 3.368
-1.182 9.151
1.708 -3.864
0.419 1.94
-0.561 6.355
0.279 2.57
0.345 2.272
-2.45 14.862
0.542 1.389
0.082 3.459
-0.469 5.942
0.491 1.617
0.133 3.227
-0.117 4.354
0.802 0.218
-0.741 7.164
0.623 1.023
0.139 3.201
0.024 3.721
-1.137 8.948
1.863 -4.564
0.144 3.18
-1.051 8.563
0.366 2.178
-0.319 5.267
-0.905 7.905
1.391 -2.438
0.46 1.758
