-1.665 1
-3.638 1
-3.3 1
2.614 1
2.231 1
-3.392 1
0.358 1
4.976 1
-3.132 1
0.671 1
2.183 1
-4.491 1
-3.626 1
1.681 1
-2.716 1
5.201 1
3.332 1
-2.086 1
1.762 1
-5.032 1
-6.969 1
-2.203 1
3.57 1
2.029 1
-5.483 1
-0.391 1
-1.334 1
-3.286 1
-0.266 1
3.732 1
-0.286 1
1.692 1
0.459 1
-3.428 1
-4.705 1
-5.588 1
2.302 1
1.721 1
3.81 1
-1.008 1
0.184 1
0.222 1
-3.723 1
0.51 1
0.044 1
4.783 1
-0.702 1
-2.183 1
-6.242 1
3.784 1
-0.494 2
4.301 2
5.027 2
-2.954 2
2.005 2
0.187 2
4.286 2
-0.061 2
2.999 2
0.354 2
-4.225 2
1.128 2
2.067 2
7.354 2
-2.747 2
-0.62 2
2.127 2
2.589 2
0.394 2
4.037 2
-0.259 2
2.397 2
-1.297 2
-2.085 2
-6.259 2
-1.044 2
0.154 2
-1.585 2
-2.733 2
7.489 2
-0.733 2
0.861 2
-4.449 2
4.416 2
1.094 2
-0.103 2
0.442 2
-1.567 2
-3.259 2
-2.785 2
1.685 2
-4.602 2
-4.761 2
4.954 2
2.176 2
0.596 2
2.161 2
-2.943 2
0.101 2
3.692 2
